      一     二     三     四      五     六      七
1                   11     7.5    9.5     7       9

2     6.5    5      4.5    3      1.5    11.5    8.5

3     7.5   6.5     8      6      7       9       7.5

4     8      2      6      8     4        10      9.5

5     8     7       6.5    2     2         10     9

6     7     ？      ？     ？     ？        10.5   6.5

7     5     7.5     9     9       6          9.5   9.5

8     4.5   10

9

10

11

12

13

14

15

16

17

18

19

20